# transform file /om4/group/gablab/data/jsmentch/ds003017/derivatives/freesurfer/sub-sid000560/mri/transforms/cc_up.lta
# created by jsmentch on Mon Jun 21 13:49:04 2021

type      = 0 # LINEAR_VOX_TO_VOX
nxforms   = 1
mean      = 134.0000 102.0000 121.0000
sigma     = 10000.0000
1 4 4
9.982147812843323e-01 -5.363073572516441e-02 -2.629073336720467e-02 4.547764778137207e+00 
5.361214280128479e-02 9.985609054565430e-01 -1.412023208104074e-03 4.125432968139648e+01 
2.632862515747547e-02 0.000000000000000e+00 9.996534585952759e-01 9.590816497802734e+00 
0.000000000000000e+00 0.000000000000000e+00 0.000000000000000e+00 1.000000000000000e+00 
src volume info
valid = 1  # volume info valid
filename = /om4/group/gablab/data/jsmentch/ds003017/derivatives/freesurfer/sub-sid000560/mri/norm.mgz
volume = 266 266 266
voxelsize = 9.000000357627869e-01 9.000000357627869e-01 9.000000357627869e-01
xras   = -1.000000000000000e+00 -5.174013995024040e-10 -2.069605598009616e-09
yras   = 0.000000000000000e+00 0.000000000000000e+00 -1.000000000000000e+00
zras   = 5.174013995024040e-10 9.999999403953552e-01 0.000000000000000e+00
cras   = 4.683715820312500e+00 1.919950866699219e+01 -4.896102905273438e+01
dst volume info
valid = 1  # volume info valid
filename = /om4/group/gablab/data/jsmentch/ds003017/derivatives/freesurfer/sub-sid000560/mri/norm.mgz
volume = 266 266 266
voxelsize = 9.000000357627869e-01 9.000000357627869e-01 9.000000357627869e-01
xras   = -1.000000000000000e+00 -5.174013995024040e-10 -2.069605598009616e-09
yras   = 0.000000000000000e+00 0.000000000000000e+00 -1.000000000000000e+00
zras   = 5.174013995024040e-10 9.999999403953552e-01 0.000000000000000e+00
cras   = 4.683715820312500e+00 1.919950866699219e+01 -4.896102905273438e+01
