type      = 1 # LINEAR_RAS_TO_RAS
nxforms   = 1
mean      = 0.0000 0.0000 0.0000
sigma     = 1.0000
1 4 4
1.084777951240540e+00 2.456700056791306e-02 -4.092299938201904e-02 -6.700438976287842e+00 
-1.220920011401176e-01 1.089766025543213e+00 1.439310014247894e-01 -2.180857086181641e+01 
4.707799851894379e-02 -1.666209995746613e-01 1.104418039321899e+00 2.770718383789062e+01 
0.000000000000000e+00 0.000000000000000e+00 0.000000000000000e+00 1.000000000000000e+00 
src volume info
valid = 1  # volume info valid
filename = /om4/group/gablab/data/jsmentch/ds003017/derivatives/freesurfer/sub-sid000560/mri/orig_nu.mgz
volume = 266 266 266
voxelsize = 9.000000357627869e-01 9.000000357627869e-01 9.000000357627869e-01
xras   = -1.000000000000000e+00 -5.174013995024040e-10 -2.069605598009616e-09
yras   = 0.000000000000000e+00 0.000000000000000e+00 -1.000000000000000e+00
zras   = 5.174013995024040e-10 9.999999403953552e-01 0.000000000000000e+00
cras   = 4.683715820312500e+00 1.919950866699219e+01 -4.896102905273438e+01
dst volume info
valid = 1  # volume info valid
filename = /opt/freesurfer/average/mni305.cor.mgz
volume = 256 256 256
voxelsize = 1.000000000000000e+00 1.000000000000000e+00 1.000000000000000e+00
xras   = -1.000000000000000e+00 0.000000000000000e+00 0.000000000000000e+00
yras   = 0.000000000000000e+00 0.000000000000000e+00 -1.000000000000000e+00
zras   = 0.000000000000000e+00 1.000000000000000e+00 0.000000000000000e+00
cras   = 0.000000000000000e+00 0.000000000000000e+00 0.000000000000000e+00
subject fsaverage
fscale 0.100000
