# transform file transforms/talairach.lta
# created by jsmentch on Fri Jun 18 11:53:07 2021

type      = 0 # LINEAR_VOX_TO_VOX
nxforms   = 1
mean      = 132.0000 102.0000 121.0000
sigma     = 10000.0000
1 4 4
9.898383021354675e-01 -1.807477511465549e-02 -2.265389263629913e-02 -8.614872694015503e-01 
1.590116880834103e-02 9.980799555778503e-01 1.852849870920181e-01 -2.639786720275879e+00 
2.377331443130970e-02 -1.419131606817245e-01 9.238475561141968e-01 1.093357181549072e+01 
0.000000000000000e+00 0.000000000000000e+00 0.000000000000000e+00 1.000000000000000e+00 
src volume info
valid = 1  # volume info valid
filename = nu.mgz
volume = 266 266 266
voxelsize = 9.000000357627869e-01 9.000000357627869e-01 9.000000357627869e-01
xras   = -1.000000000000000e+00 -5.174013995024040e-10 -2.069605598009616e-09
yras   = 0.000000000000000e+00 0.000000000000000e+00 -1.000000000000000e+00
zras   = 5.174013995024040e-10 9.999999403953552e-01 0.000000000000000e+00
cras   = 4.683715820312500e+00 1.919950866699219e+01 -4.896102905273438e+01
dst volume info
valid = 1  # volume info valid
filename = /opt/freesurfer/average/RB_all_2016-05-10.vc700.gca
volume = 256 256 256
voxelsize = 1.000000000000000e+00 1.000000000000000e+00 1.000000000000000e+00
xras   = -1.000000000000000e+00 0.000000000000000e+00 0.000000000000000e+00
yras   = 0.000000000000000e+00 0.000000000000000e+00 -1.000000000000000e+00
zras   = 0.000000000000000e+00 1.000000000000000e+00 0.000000000000000e+00
cras   = 0.000000000000000e+00 0.000000000000000e+00 0.000000000000000e+00
