../../../../.git/annex/objects/1G/xX/MD5E-s164885--e737205d91c79f54325b80e7584fdbc2.tsv/MD5E-s164885--e737205d91c79f54325b80e7584fdbc2.tsv